# Created by Octave 3.2.4, Wed Jun 08 13:10:53 2016 India Standard Time <unknown@unknown>
# name: v1
# type: matrix
# rows: 5
# columns: 5
 1 2 3 4 5
 2 3 4 5 6
 3 4 5 6 7
 4 5 6 7 8
 5 6 7 8 9
# name: v
# type: matrix
# rows: 5
# columns: 1
 1
 2
 3
 4
 5
